0,1.2599,1.1637,1.5438,0.90741,1.0613,1.107,1.0683,0.58009,1.0923,1.1294,1.193,0.98136,1.5438,1.5438,0.22766,0.26548,1.4573,0.29257,1.0234,1.3539,0.62811,1.1436,0.48532,1.5438,0.78722,1.1061,1.0196,1.3117,1.4573,0.25408,1.1802,1.3539,0.95902,1.0612,1.2691,1.5438,0.99702,0.97674,1.1984,0.50714,0.93552,1.193,0.9159,0.25051,0.26998,0.97701,0.16186,1.5438,1.5438,1.193
1,0.48454,0.50794,0.68328,0.39602,0.43148,0.48311,0.4579,0.42875,0.47444,0.49288,0.5207,0.44686,0.68328,0.68328,0.10099,0.22642,0.56718,0.1283,0.46654,0.59087,0.27075,0.60401,0.21202,0.68328,0.70233,0.5044,0.61677,0.59688,0.56718,0.21417,0.86791,0.59087,0.41855,0.45768,0.48378,0.68328,0.40056,0.43942,0.43223,0.20357,0.37581,0.5207,0.39968,0.10922,0.10859,0.42635,0.069926,0.68328,0.68328,0.5207
2,2.7527,2.6789,3.4378,2.2543,2.3955,2.4654,2.7174,1.3576,2.7699,2.5911,2.6567,2.1319,3.4378,3.4378,0.53833,0.61099,2.8852,0.65221,2.2428,3.015,1.6123,2.7173,1.1961,3.4378,1.7051,2.632,2.3748,3.2408,2.8852,0.58894,2.4941,3.015,2.305,2.6176,2.4924,3.4378,2.353,2.0876,2.2783,1.0919,2.0354,2.6567,2.0905,0.57661,0.62873,2.1758,0.39895,3.4378,3.4378,2.6567
3,1.0395,0.92174,1.2197,0.28629,0.78553,0.69533,0.98934,0.4871,0.99694,0.89461,0.9456,0.97696,1.2197,1.2197,0.24858,0.23739,1.0245,0.25252,0.86191,1.071,0.31593,1.2007,0.50064,1.2197,0.69014,1.0047,0.82351,1.1979,1.0245,0.23476,0.98967,1.071,0.78449,0.79883,0.89237,1.2197,0.8333,0.97469,0.77953,0.58301,0.48935,0.9456,0.70796,0.1736,0.32914,0.61333,0.17299,1.2197,1.2197,0.9456
4,2.9835,3.1501,4.1834,2.4568,2.7687,2.9971,2.8413,1.5266,2.9152,3.0569,3.2294,2.6548,4.1834,4.1834,0.59702,0.71047,3.5078,0.78612,2.7707,3.5503,1.6798,3.0563,1.2626,4.1834,2.1115,2.9913,2.9453,3.5069,3.5078,0.68163,3.1764,3.5503,2.5575,2.8378,3.0052,4.1834,2.6341,2.6103,2.8138,1.2074,2.4717,3.2294,2.4798,0.67454,0.65401,2.6451,0.42771,4.1834,4.1834,3.2294
5,1.8724,2.3843,2.634,1.4901,1.7299,1.8889,2.0904,0.95964,2.1451,2.2231,2.0354,1.4687,2.634,2.634,0.36022,0.44843,2.2106,0.49811,1.9632,2.31,1.0977,1.9012,0.90591,2.634,1.3202,1.8692,1.8562,2.2006,2.2106,0.503,1.9847,2.31,1.4648,1.7808,1.8861,2.634,1.66,1.267,1.7658,0.75184,1.4991,2.0354,1.5041,0.50091,0.39838,1.667,0.26005,2.634,2.634,2.0354
6,1.3853,1.4376,1.4473,0.54847,1.2255,1.0384,1.9718,0.74642,1.8049,1.3944,1.119,0.59254,1.4473,1.4473,0.2363,0.25106,1.2164,0.27831,1.2465,1.2696,0.46373,1.3998,0.58095,1.4473,0.72485,1.3274,1.1525,1.6276,1.2164,0.31066,1.08,1.2696,0.59794,1.317,1.0584,1.4473,1.1772,0.5938,0.96843,0.54792,0.69975,1.119,0.72483,0.31152,0.2639,0.91631,0.11683,1.4473,1.4473,1.119
7,2.0281,1.8638,2.3572,1.3209,1.939,1.6902,2.0098,1.0966,2.062,1.8005,1.8211,1.1236,2.3572,2.3572,0.38359,0.40915,1.9782,0.44432,1.5142,2.067,0.85555,1.9699,0.8986,2.3572,1.1842,1.8979,1.6506,2.3886,1.9782,0.39519,1.6573,2.067,1.3022,1.9285,1.7028,2.3572,1.7812,1.0816,1.5958,0.81895,1.3105,1.8211,1.3148,0.39945,0.42677,1.4916,0.2309,2.3572,2.3572,1.8211
8,0.10968,0.11659,0.22234,0.088971,0.1018,0.11005,0.10472,0.075928,0.10754,0.11283,0.12174,0.097145,0.22234,0.22234,0.04348,0.051606,0.12714,0.055944,0.10111,0.13392,0.060367,0.11332,0.063179,0.22234,0.42576,0.11068,0.10803,0.1282,0.12714,0.045485,0.11819,0.13392,0.092727,0.10441,0.11119,0.22234,0.09564,0.09534,0.10324,0.062353,0.089286,0.69178,0.090134,0.043592,0.04445,0.096623,0.036127,0.22234,0.22234,0.12174
9,2.7214,2.8734,3.8162,2.241,2.5255,2.7338,2.5917,1.3926,2.6591,2.7884,2.8969,2.4216,3.8162,3.8162,0.54466,0.64814,3.1996,0.71713,2.5273,3.3435,1.5322,2.7878,1.1518,3.8162,1.926,2.7285,2.6865,3.1989,3.1996,0.62183,2.8974,3.3435,2.3328,2.5885,2.7412,3.8162,2.4027,2.381,2.5666,1.1003,2.2545,2.9457,2.2619,0.63783,0.59664,2.4128,0.37682,3.8162,3.8162,2.8969
10,1.1703,0.25607,0.75138,0.048607,1.0163,0.51777,0.23874,0.27923,0.2443,0.25138,0.58163,0.41957,0.75138,0.75138,0.17923,0.12955,0.77019,0.14328,0.20652,0.65934,0.49587,1.057,0.4865,0.75138,0.37078,0.81471,0.6013,1.1574,0.77019,0.082199,0.54367,0.65934,0.27964,0.84194,0.78622,0.75138,0.78155,0.60339,0.80385,0.5317,0.35906,0.58163,0.17446,0.10677,0.19839,0.29123,0.13164,0.75138,0.75138,0.58163
11,6.0595,2.3118,1.4205,0.2817,5.6959,0.84944,4.6768,0.67476,5.006,2.1063,1.0984,0.52726,1.4205,1.4205,1.1267,0.26446,1.1859,0.29866,1.5151,1.2409,1.1243,6.3699,2.7005,1.4205,0.6319,5.4093,1.3007,7.1313,1.1859,0.74918,0.91718,1.2409,0.26868,5.9345,0.33504,1.4205,4.7796,1.3712,0.30992,2.518,0.39178,1.0984,0.2877,1.264,1.1963,0.42717,0.19404,1.4205,1.4205,1.0984
12,1.1201,7.5204,1.2451,1.7593,1.5275,0.88779,5.611,0.4382,5.9541,7.2816,0.95775,1.3045,1.2451,1.2451,0.75431,0.29172,0.53434,0.24236,7.141,1.0859,4.3718,0.8875,1.1891,1.2451,1.1319,0.83366,0.2284,1.0079,0.53434,1.7138,1.5712,1.0859,0.58024,0.98186,0.22736,1.2451,1.3805,1.037,0.78674,0.81959,0.086487,0.95775,1.6694,1.8617,0.71344,1.7809,0.097361,1.2451,1.2451,0.95775
13,0.31094,0.3833,0.18554,3.519,0.37395,1.2964,0.59958,0.49369,0.46473,0.3041,0.1663,1.9864,0.18554,0.18554,0.20487,0.25314,0.16098,0.26258,0.59771,0.17183,0.68998,0.45269,0.34591,0.18554,0.20825,0.29676,0.25205,0.31558,0.16098,0.25141,0.27199,0.17183,0.93084,1.0564,0.28646,0.18554,0.24996,2.1546,0.2589,0.24851,1.0293,0.1663,0.6643,0.26526,0.37902,0.77845,0.75612,0.18554,0.18554,0.1663
14,0.50024,1.39,0.65912,0.5039,0.4634,0.63812,1.1224,0.54367,1.1522,1.1962,0.60102,2.8748,0.65912,0.65912,0.43755,0.45378,0.5804,0.48236,0.77791,0.61965,0.32871,0.6105,0.42685,0.65912,0.77853,0.53076,0.51376,0.58949,0.5804,0.55279,0.60336,0.61965,1.0295,0.57964,0.51833,0.65912,0.54583,3.1182,0.47004,0.41565,0.43221,0.60102,0.52879,0.62136,0.37968,0.8795,0.36255,0.65912,0.65912,0.60102
15,1.016,1.9298,2.561,2.8851,1.1261,2.6517,0.9676,1.0472,0.96498,1.8727,1.9785,2.299,2.561,2.561,0.74972,0.65882,2.1447,0.72689,1.6462,2.2456,2.3935,0.95457,1.1556,2.561,1.2799,0.97945,1.3101,1.1745,2.1447,0.43449,1.9233,2.2456,2.1388,0.93849,1.8076,2.561,0.83542,2.2101,1.4265,0.39346,2.7441,1.9785,2.1933,0.59628,0.21399,2.34,0.37014,2.561,2.561,1.9785
16,3.2823,1.8057,2.335,1.3842,2.2444,1.7082,2.2709,1.1452,2.3309,1.751,1.8755,1.5095,2.335,2.335,0.79177,0.76643,2.9925,0.82472,1.5718,2.0757,0.99185,2.4504,1.2791,2.335,1.3696,2.2775,1.6208,2.8015,2.9925,0.67689,1.83,2.0757,1.5207,2.2645,2.6012,2.335,2.0091,1.5616,2.666,1.8792,1.4177,1.8755,1.4017,0.64247,0.86915,1.5016,0.54007,2.335,2.335,1.8755
17,4.6146,3.7023,4.6571,1.8865,4.1238,2.0281,4.5673,1.7407,4.6862,3.5925,3.6053,1.8877,4.6571,4.6571,0.70519,0.7731,3.9085,0.85157,3.4419,4.0856,1.5671,4.7287,1.9812,4.6571,2.376,4.291,3.284,5.4338,3.9085,0.9037,3.5443,4.0856,0.56559,3.4968,3.5014,4.6571,4.0839,1.9895,3.277,1.8242,0.42887,3.6053,0.88765,0.57655,0.97868,1.385,0.46393,4.6571,4.6571,3.6053
18,3.881,3.9373,5.4595,3.0901,3.6018,3.746,3.5297,2.0263,3.6216,3.8205,4.225,3.2665,5.4595,5.4595,0.82838,1.395,4.5836,1.5971,3.2803,4.7907,2.9409,3.9772,1.6691,5.4595,2.7776,3.912,3.8508,4.5596,4.5836,0.86277,4.1546,4.7907,3.1202,4.1872,3.9105,5.4595,3.2897,3.1864,3.6604,1.5932,3.3203,4.225,5.969,1.5976,0.97418,5.9406,0.86776,5.4595,5.4595,4.225
19,2.2097,2.5025,3.0602,3.3659,2.7974,3.1916,2.2778,1.1627,2.3371,2.427,2.3737,2.9058,3.0602,3.0602,0.9635,1.3022,2.5707,1.4883,2.3862,2.6877,2.059,2.2663,1.3014,3.0602,1.5741,2.197,2.9571,2.5947,2.5707,0.64408,2.3335,2.6877,2.8188,1.6258,2.2281,3.0602,2.799,2.8792,2.8439,0.92519,3.3529,2.3737,0.49197,0.52464,0.53529,0.56482,0.71304,3.0602,3.0602,2.3737
20,1.1848,0.74807,1.2315,0.1854,1.4165,0.71125,0.93272,0.57296,0.95745,0.72633,0.95286,0.29289,1.2315,1.2315,0.3365,0.19148,1.034,0.21246,0.48231,1.0805,0.56225,1.1826,0.9599,1.2315,0.63153,1.181,1.1691,1.3603,1.034,1.3842,0.94285,1.0805,0.25539,0.92794,0.87896,1.2315,2.6236,0.2644,1.0889,0.53655,0.48655,0.95286,0.19184,0.20697,0.23039,0.28629,0.13047,1.2315,1.2315,0.95286
21,0.038254,0.18522,0.17809,2.9714,0.78038,0.7341,0.30135,0.097601,0.1582,0.035809,0.13672,2.0495,0.17809,0.17809,1.2508,0.44556,0.14767,0.54965,0.6684,0.15471,0.9149,0.068735,0.32728,0.17809,0.1438,0.1904,0.83203,0.040576,0.14767,0.06252,0.17902,0.15471,0.96908,1.2845,0.039757,0.17809,0.76154,2.0989,0.7518,0.051908,0.81318,0.13671,0.50072,0.10604,0.36851,0.21746,0.5805,0.17809,0.17809,0.13672
22,2.597,2.8232,3.4836,4.3006,2.6075,2.6867,2.7934,1.4442,2.7169,2.6702,2.7042,0.94004,3.4836,3.4836,0.7349,0.67997,2.9265,0.76083,1.852,3.0601,2.3624,2.6225,1.1144,3.4836,1.7679,2.6147,2.6091,3.0486,2.9265,0.72277,2.6157,3.0601,3.6043,2.324,2.6178,3.4836,2.3558,0.80143,2.4489,1.1342,2.6962,2.7042,1.0185,0.73898,1.3411,1.8889,0.47535,3.4836,3.4836,2.7042
23,0.70135,0.68886,0.94363,4.6056,0.54798,1.6711,0.61103,0.63878,0.6279,0.66651,0.8087,0.75809,0.94363,0.94363,0.482,0.53057,0.80475,0.57452,0.55629,0.85512,1.703,0.73454,0.52439,0.94363,0.68205,0.84597,0.64202,0.79586,0.80475,0.45754,0.77813,0.85512,2.1794,1.7719,0.71986,0.94363,0.67513,0.72841,0.62736,0.5386,0.63182,0.8087,0.60897,0.50442,0.4404,0.75577,0.42824,0.94363,0.94363,0.8087
